00010000100000000000000000001110
00000001000000000000000000000000
10010000000100000010000000000000
10000010000100000010000000000000
10000000101000000100000000011000
00010110100000000000000000000111
00000001000000000000000000000000
10010000000000100000000000011000
10000010000000000100000000000010
10000000101000000100000000011000
00000110101111111111111111111101
00000001000000000000000000000000
10000001110000111110000000000000
00000001000000000000000000000000
10110000000101000010000000000110
10110010000101000010000000000011
10000100000101000000000000000001
01111111111111111111111111110001
00000001000000000000000000000000
10010010000100100000000000000000
00000001000000000000000000000000
00000001000000000000000000000000
00000001000000000000000000000000
00000001000000000000000000000000
00000001000000000000000000000000
00000001000000000000000000000000
00000001000000000000000000000000
00000001000000000000000000000000
00000001000000000000000000000000
00000001000000000000000000000000
00000001000000000000000000000000
00000001000000000000000000000000
00000001000000000000000000000000
00000001000000000000000000000000
00000001000000000000000000000000
00000001000000000000000000000000
00000001000000000000000000000000
00000001000000000000000000000000
00000001000000000000000000000000
00000001000000000000000000000000
00000001000000000000000000000000
00000001000000000000000000000000
00000001000000000000000000000000
00000001000000000000000000000000
00000001000000000000000000000000
00000001000000000000000000000000
00000001000000000000000000000000
00000001000000000000000000000000
00000001000000000000000000000000
00000001000000000000000000000000
00000001000000000000000000000000
00000001000000000000000000000000
00000001000000000000000000000000
00000001000000000000000000000000
00000001000000000000000000000000
00000001000000000000000000000000
00000001000000000000000000000000
00000001000000000000000000000000
00000001000000000000000000000000
00000001000000000000000000000000
00000001000000000000000000000000
00000001000000000000000000000000
00000001000000000000000000000000
00000001000000000000000000000000